9.4481
9.4481
9.4481
9.4481
9.4481
9.4481
9.4481
9.4481
9.4481
9.4481
9.4481
9.4481
9.4481
9.4481
9.4481
9.4481
9.4481
9.4481
9.4481
9.4481
8.9957
8.9957
8.9957
8.9957
8.9957
8.9957
8.9957
8.9957
8.9957
8.9957
8.9957
8.9957
8.9957
8.6609
8.6609
8.6609
8.6609
8.6609
8.6609
8.6609
8.6609
8.6609
8.6609
8.6609
8.6609
8.6609
8.6609
8.6609
8.6609
8.6609
8.6609
8.6609
8.6609
8.6609
8.6609
8.6609
8.6609
8.6609
8.6609
8.6609
8.6609
8.6609
8.6609
8.6609
8.6609
8.6609
8.6609
8.6609
8.6609
8.6609
8.6609
8.6609
8.6609
8.6609
8.6609
8.6609
8.6609
8.6609
8.6609
8.6609
8.6609
8.6609
8.6609
8.6609
8.6609
8.6609
8.6609
8.6609
8.6609
8.6609
8.6609
8.6609
8.6609
8.6609
8.6609
8.6609
8.6609
8.6609
8.6609
8.6609
